# data ready to display with gnuplot
0.000000 -0.180370 
1.000000 -0.026679 
2.000000 -0.115653 
3.000000 0.255786 
4.000000 0.171295 
5.000000 -0.089558 
6.000000 -0.085386 
7.000000 0.203667 
8.000000 0.332793 
9.000000 0.251484 
10.000000 0.287732 
11.000000 0.062297 
12.000000 0.295580 
13.000000 0.287699 
14.000000 0.326035 
15.000000 0.469396 
16.000000 0.125485 
17.000000 0.477949 
18.000000 0.477349 
19.000000 0.401933 
20.000000 0.523726 
21.000000 0.415644 
22.000000 0.263784 
23.000000 0.579532 
24.000000 0.466676 
25.000000 0.359169 
26.000000 0.340896 
27.000000 0.537367 
28.000000 0.637349 
29.000000 0.587928 
30.000000 0.679282 
31.000000 0.531058 
32.000000 0.760457 
33.000000 0.646736 
34.000000 0.681409 
35.000000 0.436198 
36.000000 0.754080 
37.000000 0.741016 
38.000000 0.846246 
39.000000 0.804826 
40.000000 0.610197 
41.000000 0.545224 
42.000000 0.593740 
43.000000 0.641368 
44.000000 0.916626 
45.000000 0.887108 
46.000000 0.662347 
47.000000 0.660870 
48.000000 0.932758 
49.000000 0.770150 
50.000000 0.691307 
51.000000 0.991447 
52.000000 0.931923 
53.000000 0.796943 
54.000000 0.800889 
55.000000 0.883930 
56.000000 0.922474 
57.000000 1.055743 
58.000000 0.982640 
59.000000 0.991059 
60.000000 0.860312 
61.000000 0.932766 
62.000000 1.112321 
63.000000 0.978637 
64.000000 0.865399 
65.000000 0.912895 
66.000000 0.998033 
67.000000 1.031247 
68.000000 0.954572 
69.000000 1.031078 
70.000000 0.875923 
71.000000 0.814994 
72.000000 0.803343 
73.000000 0.837000 
74.000000 0.966149 
75.000000 0.859797 
76.000000 1.049063 
77.000000 1.135593 
78.000000 0.901387 
79.000000 1.123702 
80.000000 1.047985 
81.000000 1.165755 
82.000000 0.840591 
83.000000 0.901656 
84.000000 0.998780 
85.000000 1.079959 
86.000000 1.080386 
87.000000 0.841449 
88.000000 0.944930 
89.000000 0.987019 
90.000000 1.176526 
91.000000 0.829116 
92.000000 0.968491 
93.000000 0.820715 
94.000000 0.988150 
95.000000 0.906304 
96.000000 1.087840 
97.000000 1.096663 
98.000000 1.057154 
99.000000 0.982293 
100.000000 0.771749 
101.000000 0.820005 
102.000000 1.135084 
103.000000 0.902951 
104.000000 0.982447 
105.000000 1.006326 
106.000000 1.070408 
107.000000 1.039315 
108.000000 1.059979 
109.000000 0.878426 
110.000000 0.868232 
111.000000 0.958072 
112.000000 0.960613 
113.000000 0.801260 
114.000000 0.935377 
115.000000 0.736680 
116.000000 0.761499 
117.000000 0.617797 
118.000000 0.922896 
119.000000 0.885551 
120.000000 0.744385 
121.000000 0.648075 
122.000000 0.578927 
123.000000 0.639547 
124.000000 0.770587 
125.000000 0.814015 
126.000000 0.624115 
127.000000 0.581838 
128.000000 0.660001 
129.000000 0.752589 
130.000000 0.662201 
131.000000 0.561954 
132.000000 0.686456 
133.000000 0.779711 
134.000000 0.538248 
135.000000 0.471158 
136.000000 0.701949 
137.000000 0.567459 
138.000000 0.557088 
139.000000 0.437132 
140.000000 0.602322 
141.000000 0.597060 
142.000000 0.574384 
143.000000 0.400824 
144.000000 0.246886 
145.000000 0.450112 
146.000000 0.572799 
147.000000 0.437750 
148.000000 0.344358 
149.000000 0.200599 
150.000000 0.335930 
151.000000 0.186390 
152.000000 0.417752 
153.000000 0.170341 
154.000000 0.432326 
155.000000 0.346122 
156.000000 0.160716 
157.000000 0.109899 
158.000000 0.122105 
159.000000 0.207046 
160.000000 0.297686 
161.000000 0.268160 
162.000000 -0.001071 
163.000000 0.174528 
164.000000 0.060532 
165.000000 0.212321 
166.000000 0.179377 
167.000000 0.050698 
168.000000 -0.205962 
169.000000 -0.138542 
170.000000 -0.147330 
171.000000 0.035402 
172.000000 -0.197133 
173.000000 -0.204284 
174.000000 -0.197024 
175.000000 0.009327 
176.000000 -0.047630 
177.000000 -0.296193 
178.000000 -0.283143 
179.000000 -0.338453 
180.000000 -0.064215 
181.000000 -0.368703 
182.000000 -0.111580 
183.000000 -0.175837 
184.000000 -0.479582 
185.000000 -0.307832 
186.000000 -0.465464 
187.000000 -0.423573 
188.000000 -0.514806 
189.000000 -0.293805 
190.000000 -0.267086 
191.000000 -0.519058 
192.000000 -0.637909 
193.000000 -0.375421 
194.000000 -0.405008 
195.000000 -0.485643 
196.000000 -0.506000 
197.000000 -0.593678 
198.000000 -0.713109 
199.000000 -0.744877 
200.000000 -0.478533 
201.000000 -0.792026 
202.000000 -0.689801 
203.000000 -0.709236 
204.000000 -0.789068 
205.000000 -0.650939 
206.000000 -0.744443 
207.000000 -0.592826 
208.000000 -0.663248 
209.000000 -0.684116 
210.000000 -0.558618 
211.000000 -0.677559 
212.000000 -0.670329 
213.000000 -0.733976 
214.000000 -0.949748 
215.000000 -0.872254 
216.000000 -0.995718 
217.000000 -0.703820 
218.000000 -0.624556 
219.000000 -0.802258 
220.000000 -0.922228 
221.000000 -0.864231 
222.000000 -1.009940 
223.000000 -0.867017 
224.000000 -1.007397 
225.000000 -0.871174 
226.000000 -0.948508 
227.000000 -0.903107 
228.000000 -0.844309 
229.000000 -0.833368 
230.000000 -0.846710 
231.000000 -0.890228 
232.000000 -1.093647 
233.000000 -0.766307 
234.000000 -0.862606 
235.000000 -1.137746 
236.000000 -1.074204 
237.000000 -0.970596 
238.000000 -1.121058 
239.000000 -0.789005 
240.000000 -0.999615 
241.000000 -0.871792 
242.000000 -0.943758 
243.000000 -0.881422 
244.000000 -0.948572 
245.000000 -0.859809 
246.000000 -1.081652 
247.000000 -0.799183 
248.000000 -0.856237 
249.000000 -1.064699 
250.000000 -1.137083 
251.000000 -1.156743 
252.000000 -0.814122 
253.000000 -0.806862 
254.000000 -0.963400 
255.000000 -1.150029 
256.000000 -1.166218 
257.000000 -1.058931 
258.000000 -1.029358 
259.000000 -1.013301 
260.000000 -0.888517 
261.000000 -0.856758 
262.000000 -0.935849 
263.000000 -0.818884 
264.000000 -0.939912 
265.000000 -0.797357 
266.000000 -1.072502 
267.000000 -1.057408 
268.000000 -1.071347 
269.000000 -0.960789 
270.000000 -1.001625 
271.000000 -1.035965 
272.000000 -0.781346 
273.000000 -0.794012 
274.000000 -0.756953 
275.000000 -0.931787 
276.000000 -0.905017 
277.000000 -0.693761 
278.000000 -1.044845 
279.000000 -0.738914 
280.000000 -0.924087 
281.000000 -0.826286 
282.000000 -0.935154 
283.000000 -0.745220 
284.000000 -0.885697 
285.000000 -0.921174 
286.000000 -0.629578 
287.000000 -0.777562 
288.000000 -0.617135 
289.000000 -0.577036 
290.000000 -0.694858 
291.000000 -0.852217 
292.000000 -0.724242 
293.000000 -0.616306 
294.000000 -0.548202 
295.000000 -0.468493 
296.000000 -0.460878 
297.000000 -0.626794 
298.000000 -0.782669 
299.000000 -0.782645 
300.000000 -0.557045 
301.000000 -0.427430 
302.000000 -0.519812 
303.000000 -0.499785 
304.000000 -0.492970 
305.000000 -0.595846 
306.000000 -0.377280 
307.000000 -0.521379 
308.000000 -0.306937 
309.000000 -0.594946 
310.000000 -0.238602 
311.000000 -0.585557 
312.000000 -0.424161 
313.000000 -0.436423 
314.000000 -0.412992 
315.000000 -0.537949 
316.000000 -0.394126 
317.000000 -0.418418 
318.000000 -0.172283 
319.000000 -0.270600 
320.000000 -0.424243 
321.000000 -0.074793 
322.000000 -0.252974 
323.000000 -0.166118 
324.000000 -0.196934 
325.000000 -0.073814 
326.000000 -0.110372 
327.000000 -0.085062 
328.000000 -0.057879 
329.000000 -0.203383 
330.000000 -0.112706 
331.000000 0.066436 
332.000000 0.137193 
333.000000 0.019426 
334.000000 0.137400 
335.000000 0.150959 
336.000000 0.229535 
337.000000 0.177121 
338.000000 -0.033307 
339.000000 0.158603 
340.000000 0.130901 
341.000000 0.281333 
342.000000 0.292683 
343.000000 0.272872 
344.000000 0.275958 
345.000000 0.265631 
346.000000 0.195104 
347.000000 0.406119 
348.000000 0.466062 
349.000000 0.304184 
350.000000 0.210211 
351.000000 0.366905 
352.000000 0.416948 
353.000000 0.418589 
354.000000 0.560047 
355.000000 0.422040 
356.000000 0.322894 
357.000000 0.435522 
358.000000 0.329435 
359.000000 0.615535 
360.000000 0.349695 
361.000000 0.357789 
362.000000 0.603274 
363.000000 0.607114 
364.000000 0.569114 
365.000000 0.610939 
366.000000 0.776152 
367.000000 0.792828 
368.000000 0.647203 
369.000000 0.628356 
370.000000 0.647497 
371.000000 0.470104 
372.000000 0.799062 
373.000000 0.837016 
374.000000 0.714090 
375.000000 0.609901 
376.000000 0.522441 
377.000000 0.906566 
378.000000 0.872937 
379.000000 0.598288 
380.000000 0.622843 
381.000000 0.924182 
382.000000 0.746628 
383.000000 0.910233 
384.000000 0.642435 
385.000000 0.757696 
386.000000 0.643995 
387.000000 0.677717 
388.000000 0.805453 
389.000000 0.669570 
390.000000 0.768348 
391.000000 0.915069 
392.000000 0.992420 
393.000000 0.844006 
394.000000 0.885866 
395.000000 0.763652 
396.000000 1.055871 
397.000000 0.889972 
398.000000 0.866677 
399.000000 1.118778 
400.000000 0.989917 
401.000000 0.982462 
402.000000 1.111109 
403.000000 1.000906 
404.000000 0.866189 
405.000000 0.904557 
406.000000 0.873485 
407.000000 1.034160 
408.000000 1.048851 
409.000000 1.052706 
410.000000 1.096286 
411.000000 0.994148 
412.000000 1.000729 
413.000000 0.867829 
414.000000 0.966686 
415.000000 0.987903 
416.000000 1.193671 
417.000000 1.154788 
418.000000 0.808547 
419.000000 0.828343 
420.000000 0.835064 
421.000000 0.952421 
422.000000 0.921823 
423.000000 1.165795 
424.000000 1.123395 
425.000000 1.017091 
426.000000 0.982240 
427.000000 0.938970 
428.000000 1.145164 
429.000000 0.981883 
430.000000 0.813630 
431.000000 1.108109 
432.000000 0.925692 
433.000000 1.054114 
434.000000 1.145391 
435.000000 0.832414 
436.000000 0.746405 
437.000000 0.913586 
438.000000 0.767587 
439.000000 0.854874 
440.000000 0.840930 
441.000000 1.074231 
442.000000 0.696306 
443.000000 1.056223 
444.000000 0.982672 
445.000000 0.971412 
446.000000 0.961506 
447.000000 0.941238 
448.000000 0.876249 
449.000000 0.637571 
450.000000 0.630152 
451.000000 0.819412 
452.000000 0.865366 
453.000000 0.628635 
454.000000 0.677014 
455.000000 0.842691 
456.000000 0.669553 
457.000000 0.663737 
458.000000 0.715453 
459.000000 0.862757 
460.000000 0.862408 
461.000000 0.840673 
462.000000 0.801121 
463.000000 0.670341 
464.000000 0.803587 
465.000000 0.689618 
466.000000 0.520571 
467.000000 0.779059 
468.000000 0.537324 
469.000000 0.727774 
470.000000 0.577711 
471.000000 0.516241 
472.000000 0.369879 
473.000000 0.577097 
474.000000 0.290291 
475.000000 0.383384 
476.000000 0.438227 
477.000000 0.307925 
478.000000 0.209090 
479.000000 0.248557 
480.000000 0.382848 
481.000000 0.270882 
482.000000 0.472302 
483.000000 0.333372 
484.000000 0.236787 
485.000000 0.079487 
486.000000 0.107457 
487.000000 0.156917 
488.000000 0.243706 
489.000000 0.006188 
490.000000 0.293661 
491.000000 -0.000604 
492.000000 0.317261 
493.000000 0.253994 
494.000000 -0.003637 
495.000000 0.047563 
496.000000 0.054491 
497.000000 0.166533 
498.000000 0.187330 
499.000000 0.184908 
500.000000 0.015481 
501.000000 0.038846 
502.000000 -0.137740 
503.000000 -0.011349 
504.000000 -0.017926 
505.000000 -0.008569 
506.000000 0.068633 
507.000000 -0.103449 
508.000000 -0.292171 
509.000000 -0.229893 
510.000000 -0.044003 
511.000000 -0.094541 
512.000000 -0.127904 
513.000000 -0.065846 
514.000000 -0.138265 
515.000000 -0.435464 
516.000000 -0.449767 
517.000000 -0.504822 
518.000000 -0.155786 
519.000000 -0.374398 
520.000000 -0.486986 
521.000000 -0.330576 
522.000000 -0.523819 
523.000000 -0.487225 
524.000000 -0.332839 
525.000000 -0.394393 
526.000000 -0.289093 
527.000000 -0.625656 
528.000000 -0.449970 
529.000000 -0.648751 
530.000000 -0.566686 
531.000000 -0.720876 
532.000000 -0.609457 
533.000000 -0.480270 
534.000000 -0.491077 
535.000000 -0.480236 
536.000000 -0.550882 
537.000000 -0.679448 
538.000000 -0.657184 
539.000000 -0.614312 
540.000000 -0.851129 
541.000000 -0.784508 
542.000000 -0.838603 
543.000000 -0.831993 
544.000000 -0.689013 
545.000000 -0.937031 
546.000000 -0.570823 
547.000000 -0.841010 
548.000000 -0.593876 
549.000000 -0.786821 
550.000000 -0.986733 
551.000000 -0.791449 
552.000000 -0.864900 
553.000000 -0.983419 
554.000000 -0.891842 
555.000000 -0.999725 
556.000000 -0.949265 
557.000000 -0.991883 
558.000000 -1.067172 
559.000000 -0.990530 
560.000000 -0.866303 
561.000000 -0.770307 
562.000000 -0.986606 
563.000000 -0.894244 
564.000000 -0.765284 
565.000000 -0.846496 
566.000000 -1.136853 
567.000000 -0.837318 
568.000000 -0.904251 
569.000000 -1.131433 
570.000000 -1.127149 
571.000000 -0.963141 
572.000000 -0.937452 
573.000000 -1.006865 
574.000000 -1.176323 
575.000000 -0.920809 
576.000000 -0.798944 
577.000000 -1.024749 
578.000000 -1.164676 
579.000000 -1.059478 
580.000000 -0.869684 
581.000000 -1.155794 
582.000000 -0.838247 
583.000000 -0.965561 
584.000000 -0.915769 
585.000000 -1.124736 
586.000000 -0.952954 
587.000000 -1.180511 
588.000000 -1.085316 
589.000000 -0.969905 
590.000000 -0.945905 
591.000000 -0.936445 
592.000000 -0.851252 
593.000000 -0.964458 
594.000000 -0.921817 
595.000000 -0.947384 
596.000000 -0.788004 
597.000000 -1.036836 
598.000000 -1.141558 
599.000000 -0.893340 
600.000000 -1.068977 
601.000000 -0.827906 
602.000000 -0.800592 
603.000000 -1.034891 
604.000000 -0.772751 
605.000000 -0.922416 
606.000000 -0.884908 
607.000000 -0.795793 
608.000000 -1.085496 
609.000000 -0.792063 
610.000000 -0.891528 
611.000000 -0.951020 
612.000000 -0.886713 
613.000000 -0.787861 
614.000000 -1.001595 
615.000000 -0.657702 
616.000000 -1.006323 
617.000000 -0.919154 
618.000000 -0.693169 
619.000000 -0.766717 
620.000000 -0.840181 
621.000000 -0.956916 
622.000000 -0.581471 
623.000000 -0.651991 
624.000000 -0.811780 
625.000000 -0.598706 
626.000000 -0.873848 
627.000000 -0.795547 
628.000000 -0.767481 
629.000000 -0.632975 
630.000000 -0.827165 
631.000000 -0.765238 
632.000000 -0.592905 
633.000000 -0.639833 
634.000000 -0.594995 
635.000000 -0.423226 
636.000000 -0.737858 
637.000000 -0.566306 
638.000000 -0.652276 
639.000000 -0.402274 
640.000000 -0.537361 
641.000000 -0.513202 
642.000000 -0.584584 
643.000000 -0.487442 
644.000000 -0.416332 
645.000000 -0.471128 
646.000000 -0.429955 
647.000000 -0.340928 
648.000000 -0.265286 
649.000000 -0.343323 
650.000000 -0.360463 
651.000000 -0.407279 
652.000000 -0.074647 
653.000000 -0.392718 
654.000000 -0.291131 
655.000000 -0.236532 
656.000000 -0.315208 
657.000000 -0.050579 
658.000000 -0.003750 
659.000000 -0.062958 
660.000000 -0.152084 
661.000000 -0.024570 
662.000000 -0.172966 
663.000000 -0.076621 
664.000000 -0.179855 
665.000000 -0.043342 
666.000000 -0.082238 
667.000000 -0.025461 
668.000000 -0.166287 
669.000000 0.024505 
670.000000 -0.017173 
671.000000 0.014531 
672.000000 -0.092068 
673.000000 0.139857 
674.000000 0.276340 
675.000000 0.263928 
676.000000 0.225777 
677.000000 0.213248 
678.000000 0.281609 
679.000000 0.421236 
680.000000 0.239371 
681.000000 0.438290 
682.000000 0.360860 
683.000000 0.363970 
684.000000 0.417012 
685.000000 0.500909 
686.000000 0.377453 
687.000000 0.331754 
688.000000 0.343871 
689.000000 0.526862 
690.000000 0.303482 
691.000000 0.353860 
692.000000 0.289332 
693.000000 0.430042 
694.000000 0.424790 
695.000000 0.483817 
696.000000 0.353120 
697.000000 0.524028 
698.000000 0.556323 
699.000000 0.403625 
700.000000 0.702825 
701.000000 0.459465 
702.000000 0.680041 
703.000000 0.759891 
704.000000 0.615351 
705.000000 0.549673 
706.000000 0.818035 
707.000000 0.794535 
708.000000 0.634812 
709.000000 0.547106 
710.000000 0.553229 
711.000000 0.632569 
712.000000 0.759304 
713.000000 0.733019 
714.000000 0.810420 
715.000000 0.789385 
716.000000 0.969052 
717.000000 0.782932 
718.000000 0.709662 
719.000000 0.860019 
720.000000 1.008505 
721.000000 0.870440 
722.000000 0.905148 
723.000000 0.753008 
724.000000 0.934808 
725.000000 0.871720 
726.000000 1.021493 
727.000000 0.831287 
728.000000 0.945248 
729.000000 0.933368 
730.000000 1.000300 
731.000000 1.122544 
732.000000 0.796003 
733.000000 0.866015 
734.000000 0.769351 
735.000000 0.761670 
736.000000 0.924844 
737.000000 0.826168 
738.000000 0.846963 
739.000000 1.027793 
740.000000 0.790293 
741.000000 1.148947 
742.000000 1.093982 
743.000000 1.138131 
744.000000 0.939598 
745.000000 0.993943 
746.000000 1.025900 
747.000000 0.961614 
748.000000 1.118195 
749.000000 0.867048 
750.000000 0.897745 
751.000000 1.014478 
752.000000 0.932973 
753.000000 1.080405 
754.000000 0.974033 
755.000000 1.100235 
756.000000 0.982107 
757.000000 0.813160 
758.000000 0.996338 
759.000000 1.156898 
760.000000 0.963630 
761.000000 1.035671 
762.000000 0.861117 
763.000000 0.873551 
764.000000 1.075477 
765.000000 1.159186 
766.000000 0.920193 
767.000000 0.839105 
768.000000 0.819486 
769.000000 1.074101 
770.000000 0.916249 
771.000000 0.985478 
772.000000 0.721740 
773.000000 0.838853 
774.000000 0.766173 
775.000000 1.087789 
776.000000 1.081833 
777.000000 0.882101 
778.000000 1.004419 
779.000000 0.684204 
780.000000 0.863494 
781.000000 0.980678 
782.000000 0.899061 
783.000000 0.777733 
784.000000 0.839277 
785.000000 0.875901 
786.000000 0.853063 
787.000000 0.682532 
788.000000 0.901438 
789.000000 0.790574 
790.000000 0.703079 
791.000000 0.777294 
792.000000 0.851876 
793.000000 0.709320 
794.000000 0.528566 
795.000000 0.528108 
796.000000 0.583435 
797.000000 0.684712 
798.000000 0.783445 
799.000000 0.543496 
800.000000 0.565084 
801.000000 0.631594 
802.000000 0.362856 
803.000000 0.423727 
804.000000 0.543539 
805.000000 0.672296 
806.000000 0.617846 
807.000000 0.367439 
808.000000 0.573798 
809.000000 0.495048 
810.000000 0.329822 
811.000000 0.297567 
812.000000 0.290998 
813.000000 0.388248 
814.000000 0.458008 
815.000000 0.469461 
816.000000 0.136325 
817.000000 0.412945 
818.000000 0.471848 
819.000000 0.123423 
820.000000 0.049215 
821.000000 0.376079 
822.000000 0.281132 
823.000000 0.144397 
824.000000 0.138469 
825.000000 0.267150 
826.000000 -0.023695 
827.000000 0.291021 
828.000000 0.044825 
829.000000 0.220481 
830.000000 0.191415 
831.000000 0.156869 
832.000000 -0.092603 
833.000000 0.065911 
834.000000 0.102105 
835.000000 0.026154 
836.000000 0.046580 
837.000000 -0.069822 
838.000000 -0.128495 
839.000000 -0.013535 
840.000000 -0.124276 
841.000000 -0.048383 
842.000000 -0.243944 
843.000000 -0.138973 
844.000000 -0.045597 
845.000000 -0.229367 
846.000000 -0.115919 
847.000000 -0.076975 
848.000000 -0.304562 
849.000000 -0.141525 
850.000000 -0.280518 
851.000000 -0.245580 
852.000000 -0.161611 
853.000000 -0.253244 
854.000000 -0.376806 
855.000000 -0.388181 
856.000000 -0.598078 
857.000000 -0.379727 
858.000000 -0.475380 
859.000000 -0.338078 
860.000000 -0.572315 
861.000000 -0.464353 
862.000000 -0.484123 
863.000000 -0.551136 
864.000000 -0.372055 
865.000000 -0.471841 
866.000000 -0.618865 
867.000000 -0.643769 
868.000000 -0.550343 
869.000000 -0.730599 
870.000000 -0.526417 
871.000000 -0.773952 
872.000000 -0.732416 
873.000000 -0.661711 
874.000000 -0.847389 
875.000000 -0.902690 
876.000000 -0.781318 
877.000000 -0.832266 
878.000000 -0.806352 
879.000000 -0.773484 
880.000000 -0.609641 
881.000000 -0.670324 
882.000000 -0.816926 
883.000000 -0.847262 
884.000000 -0.724721 
885.000000 -0.779165 
886.000000 -0.889115 
887.000000 -1.030214 
888.000000 -0.994981 
889.000000 -0.988155 
890.000000 -1.026567 
891.000000 -1.032171 
892.000000 -0.924921 
893.000000 -1.077945 
894.000000 -0.801033 
895.000000 -0.792898 
896.000000 -0.926189 
897.000000 -0.917325 
898.000000 -1.091950 
899.000000 -0.813957 
900.000000 -1.072180 
901.000000 -0.949292 
902.000000 -0.777967 
903.000000 -0.833369 
904.000000 -0.823742 
905.000000 -0.963883 
906.000000 -0.968774 
907.000000 -1.080900 
908.000000 -1.013595 
909.000000 -0.895168 
910.000000 -1.163828 
911.000000 -0.951201 
912.000000 -1.176662 
913.000000 -1.180021 
914.000000 -1.126273 
915.000000 -0.932567 
916.000000 -1.114127 
917.000000 -0.816021 
918.000000 -0.858988 
919.000000 -1.028460 
920.000000 -0.978526 
921.000000 -1.056245 
922.000000 -0.870614 
923.000000 -1.109679 
924.000000 -1.167477 
925.000000 -0.878025 
926.000000 -1.118830 
927.000000 -0.834379 
928.000000 -1.113427 
929.000000 -0.963659 
930.000000 -0.818466 
931.000000 -0.973695 
932.000000 -1.057082 
933.000000 -1.130205 
934.000000 -1.102094 
935.000000 -0.980102 
936.000000 -1.091889 
937.000000 -0.746030 
938.000000 -0.720274 
939.000000 -1.036548 
940.000000 -0.767042 
941.000000 -1.071659 
942.000000 -0.769347 
943.000000 -1.023267 
944.000000 -0.736795 
945.000000 -0.662093 
946.000000 -1.033851 
947.000000 -1.040306 
948.000000 -0.943065 
949.000000 -0.768732 
950.000000 -0.731430 
951.000000 -0.722771 
952.000000 -0.819362 
953.000000 -0.677629 
954.000000 -0.647623 
955.000000 -0.786823 
956.000000 -0.803266 
957.000000 -0.722192 
958.000000 -0.647818 
959.000000 -0.843377 
960.000000 -0.644915 
961.000000 -0.507600 
962.000000 -0.754202 
963.000000 -0.517425 
964.000000 -0.599205 
965.000000 -0.484308 
966.000000 -0.575022 
967.000000 -0.710350 
968.000000 -0.588944 
969.000000 -0.408399 
970.000000 -0.473637 
971.000000 -0.442527 
972.000000 -0.626730 
973.000000 -0.426074 
974.000000 -0.464986 
975.000000 -0.514132 
976.000000 -0.382850 
977.000000 -0.319883 
978.000000 -0.226859 
979.000000 -0.221220 
980.000000 -0.386810 
981.000000 -0.254251 
982.000000 -0.213489 
983.000000 -0.364924 
984.000000 -0.349908 
985.000000 -0.157549 
986.000000 -0.459074 
987.000000 -0.390989 
988.000000 -0.296462 
989.000000 -0.278579 
990.000000 -0.258499 
991.000000 -0.097344 
992.000000 0.008913 
993.000000 -0.054618 
994.000000 -0.113086 
995.000000 -0.147232 
996.000000 0.050412 
997.000000 -0.228824 
998.000000 0.071495 
999.000000 0.174959 
